Train Losses:
0.5992993575421587
0.4698945016974433
0.44185477251810534
0.4210787820229342
0.40459286002870376
0.39074684175818336
0.3807142908796225
0.37077602524896647
0.36111989551263607
0.35309565305838786
0.3473420411332225
0.34104972368578707
0.3357659608141805
0.3306132378031461
0.3263634104319944
0.32309221102780045
0.31843768209299567
0.3153666946100118
0.31150039063394874
0.3087608336338551
0.3058877054132469
0.30312116631886454
0.3010929675360768
0.2987975793603048
0.2966122417562133
0.2943982050959132
0.292262044225015
0.2901938863545898
0.28860370012925984
0.286428454092801
0.28482657163255337
0.2792375402040518
0.2774633500481245
0.27651649346024104
0.2757512147101665
0.275443496060668
0.2747045609034223
0.2738961870925629

Validation Losses:
0.48866293998007004
0.453665653875288
0.43468166479166936
0.42188577063023047
0.4098161929133391
0.40414267865434217
0.39871624431267116
0.3900479439015386
0.3972108479027106
0.3861035286832204
0.38282729170334023
0.3793091692751714
0.3757074577154631
0.37577234879901694
0.37459663398011817
0.37265585146123104
0.36864607133628097
0.36708973318322274
0.36857082696783666
0.36661805751647353
0.36268704942653734
0.364086774425161
0.36619386544351384
0.3609513712451547
0.36204712978564707
0.36165385993510857
0.3596996935945772
0.3604019536012698
0.3597786631082573
0.35997106180828026
0.3614410011106855
0.35431806561816637
0.3535151090765077
0.35410462201383064
0.354228028530943
0.3543541119542233
0.3547078391679111
0.3546089179584179
